p =

 Columns 1 through 3:

  -0.0001740289238397401    0.006736642153855485    -0.05394898527439495

 Columns 4 through 6:

     -0.1578708082786549       1.406923134551356       16.66375734366554