res =

            1    0.0044918     0.017814      0.74785            1
            2    0.0056883     0.015261      0.62726            6
            3    0.0066137    -0.012856      0.48556            2
            4    0.0077863    -0.010437        0.254            5
            5     0.008251    0.0084858     0.027671            3
            6     0.008294     0.008352    0.0069472            1
            7    0.0083048    0.0083277    0.0027515            6
            8    0.0083079   -0.0083082   3.8933e-05            4
            9    0.0083079   -0.0083079    3.948e-13            2
           10    0.0083079   -0.0083079    3.948e-13            2