p =

 Columns 1 through 3:

  -1.385219584923886e-08   3.348137414857938e-07  -1.903516728620682e-06

 Columns 4 through 6:

  -1.098822327419319e-05   8.412138784480773e-05   0.0005363647336565974

 Columns 7 through 9:

  -0.0003641573226353129    -0.03658018520823438     -0.1620555087652026

 Columns 10 and 11:

        1.38886472514518        16.6666695414751