res =

            1   1.1532e-06  -6.8242e-05       0.9831           11
            2   1.3966e-06   4.4011e-05      0.96827           10
            3   1.9122e-06   4.3149e-05      0.95568            1
            4   2.1004e-06  -2.7402e-05      0.92335            9
            5    3.031e-06  -3.4716e-05      0.91269            2
            6   3.6141e-06   1.7896e-05      0.79805            3
            7   4.3282e-06   1.8106e-05      0.76095            8
            8   5.6253e-06  -1.0224e-05      0.44977            4
            9   6.0828e-06  -9.3518e-06      0.34955            7
           10   6.4682e-06  -7.4483e-06      0.13159           11
           11   4.1806e-06   7.1571e-05      0.94159           12
           12   6.4682e-06  -7.4483e-06      0.13159           11
           13    6.556e-06   7.2279e-06     0.092958           10
           14   6.6271e-06   7.0866e-06      0.06484            1
           15   6.6482e-06  -6.8099e-06     0.023758            9
           16   6.6666e-06  -6.7786e-06     0.016531            2
           17    6.673e-06  -6.6893e-06    0.0024452            5
           18   6.6743e-06   6.6866e-06    0.0018417            5
           19   6.6755e-06    6.684e-06    0.0012609            8
           20   6.6765e-06  -6.6778e-06   0.00019397            7
           21   6.6766e-06  -6.6766e-06   2.4617e-10            0
           22   6.6766e-06  -6.6766e-06   2.4617e-10            0